0, 193452
1, 193246
2, 193070
3, 192904
4, 192648
5, 192486
6, 192350
7, 192101
8, 191928
9, 191734
10, 191578
11, 191394
12, 191160
13, 190983
14, 190805
15, 190616
16, 190436
17, 190248
18, 190020
19, 189836
20, 189584
21, 189505
22, 189209
23, 189101
24, 188960
25, 188758
26, 188542
27, 188334
28, 188138
29, 187921
30, 187802
31, 187647
32, 187390
33, 187208
34, 186990
35, 186820
36, 186605
37, 186418
38, 186250
39, 186055
40, 185890
41, 185669
42, 185528
43, 185325
44, 185090
45, 184928
46, 184755
47, 184561
48, 184323
49, 184126
50, 183983
51, 183818
52, 183599
53, 183386
54, 183227
55, 183033
56, 182838
57, 182611
58, 182448
59, 182318
60, 182075
61, 181898
62, 181719
63, 181570
64, 181406
65, 181122
66, 180974
67, 180775
68, 180550
69, 180427
70, 180206
71, 180069
72, 179822
73, 179667
74, 179488
75, 179237
76, 179084
77, 178889
78, 178637
79, 178533
80, 178372
81, 178134
82, 177912
83, 177726
84, 177581
85, 177411
86, 177209
87, 176996
88, 176847
89, 176608
90, 176453
91, 176294
92, 175975
93, 175844
94, 175738
95, 175453
96, 175335
97, 175075
98, 174906
99, 174788
100, 174543
101, 174305
102, 174154
103, 173955
104, 173768
105, 173568
106, 173449
107, 173236
108, 172998
109, 172797
110, 172693
111, 172467
112, 172268
113, 172112
114, 171898
115, 171724
116, 171549
117, 171331
118, 171134
119, 170966
120, 170748
121, 170552
122, 170342
123, 170166
124, 170003
125, 169835
126, 169612
127, 169374
128, 169222
129, 168999
130, 168886
131, 168669
132, 168480
133, 168275
134, 168142
135, 167880
136, 167709
137, 167541
138, 167338
139, 167171
140, 166941
141, 166762
142, 166622
143, 166396
144, 166273
145, 165981
146, 165835
147, 165652
148, 165481
149, 165294
150, 165122
151, 164929
152, 164764
153, 164521
154, 164308
155, 164125
156, 163995
157, 163791
158, 163601
159, 163352
160, 163198
161, 163027
162, 162872
163, 162633
164, 162452
165, 162260
166, 162054
167, 161921
168, 161712
169, 161499
170, 161276
171, 161078
172, 160919
173, 160732
174, 160591
175, 160399
176, 160219
177, 159985
178, 159760
179, 159553
180, 159355
181, 159158
182, 159064
183, 158925
184, 158639
185, 158429
186, 158328
187, 158082
188, 157924
189, 157657
190, 157554
191, 157350
192, 157180
193, 156997
194, 156750
195, 156576
196, 156397
197, 156183
198, 156001
199, 155826
200, 155639
201, 155477
202, 155277
203, 155069
204, 154863
205, 154704
206, 154510
207, 154353
208, 154122
209, 153937
210, 153719
211, 153576
212, 153399
213, 153205
214, 153039
215, 152817
216, 152598
217, 152450
218, 152178
219, 152053
220, 151876
221, 151720
222, 151481
223, 151284
224, 151048
225, 150895
226, 150750
227, 150517
228, 150381
229, 150106
230, 149970
231, 149728
232, 149543
233, 149435
234, 149240
235, 149045
236, 148800
237, 148651
238, 148437
239, 148266
240, 148105
241, 147859
242, 147710
243, 147553
244, 147320
245, 147120
246, 147007
247, 146737
248, 146556
249, 146371
250, 146167
251, 146032
252, 145813
253, 145631
254, 145385
255, 145234
256, 145043
257, 144857
258, 144666
259, 144550
260, 144308
261, 144155
262, 143904
263, 143761
264, 143569
265, 143356
266, 143158
267, 143033
268, 142784
269, 142531
270, 142428
271, 142284
272, 142037
273, 141842
274, 141622
275, 141488
276, 141234
277, 141058
278, 140911
279, 140676
280, 140525
281, 140388
282, 140154
283, 139963
284, 139757
285, 139610
286, 139447
287, 139185
288, 138986
289, 138799
290, 138603
291, 138455
292, 138263
293, 138025
294, 137909
295, 137653
296, 137503
297, 137252
298, 137085
299, 136901
300, 136737
301, 136558
302, 136333
303, 136215
304, 136015
305, 135729
306, 135567
307, 135446
308, 135270
309, 135059
310, 134837
311, 134713
312, 134446
313, 134308
314, 134053
315, 133871
316, 133797
317, 133556
318, 133352
319, 133178
320, 132948
321, 132805
322, 132630
323, 132424
324, 132218
325, 132044
326, 131840
327, 131624
328, 131367
329, 131291
330, 131056
331, 130845
332, 130699
333, 130438
334, 130323
335, 130156
336, 129922
337, 129754
338, 129579
339, 129414
340, 129160
341, 128933
342, 128806
343, 128559
344, 128461
345, 128229
346, 128016
347, 127855
348, 127641
349, 127470
350, 127296
351, 127123
352, 126938
353, 126651
354, 126536
355, 126277
356, 126182
357, 125937
358, 125760
359, 125579
360, 125420
361, 125212
362, 125092
363, 124865
364, 124595
365, 124509
366, 124197
367, 124086
368, 123884
369, 123689
370, 123519
371, 123298
372, 123124
373, 122991
374, 122793
375, 122599
376, 122360
377, 122175
378, 121992
379, 121812
380, 121562
381, 121388
382, 121220
383, 121047
384, 120885
385, 120640
386, 120469
387, 120312
388, 120101
389, 119907
390, 119760
391, 119523
392, 119338
393, 119189
394, 118936
395, 118767
396, 118662
397, 118414
398, 118226
399, 117996
400, 117871
401, 117700
402, 117489
403, 117271
404, 117078
405, 116920
406, 116698
407, 116512
408, 116314
409, 116186
410, 116004
411, 115684
412, 115608
413, 115406
414, 115179
415, 114957
416, 114850
417, 114615
418, 114373
419, 114242
420, 114044
421, 113858
422, 113743
423, 113478
424, 113327
425, 113059
426, 112905
427, 112756
428, 112572
429, 112381
430, 112125
431, 112041
432, 111804
433, 111618
434, 111390
435, 111207
436, 111016
437, 110826
438, 110684
439, 110483
440, 110277
441, 110079
442, 109875
443, 109728
444, 109476
445, 109327
446, 109190
447, 108920
448, 108771
449, 108560
450, 108396
451, 108192
452, 108012
453, 107833
454, 107649
455, 107426
456, 107222
457, 107110
458, 106867
459, 106652
460, 106474
461, 106334
462, 106091
463, 105882
464, 105723
465, 105569
466, 105381
467, 105177
468, 104968
469, 104781
470, 104573
471, 104413
472, 104312
473, 104056
474, 103810
475, 103707
476, 103431
477, 103315
478, 103122
479, 102883
480, 102768
481, 102538
482, 102312
483, 102228
484, 101981
485, 101736
486, 101615
487, 101375
488, 101225
489, 101036
490, 100863
491, 100584
492, 100433
493, 100316
494, 100070
495, 99854
496, 99700
497, 99529
498, 99331
499, 99126
500, 98907
501, 98789
502, 98643
503, 98366
504, 98184
505, 97950
506, 97740
507, 97604
508, 97392
509, 97197
510, 97059
511, 96878
512, 96740
513, 96496
514, 96294
515, 96086
516, 95869
517, 95778
518, 95543
519, 95385
520, 95207
521, 94990
522, 94764
523, 94546
524, 94371
525, 94177
526, 94013
527, 93849
528, 93673
529, 93494
530, 93279
531, 93089
532, 92885
533, 92685
534, 92486
535, 92306
536, 92115
537, 91951
538, 91748
539, 91573
540, 91388
541, 91188
542, 91011
543, 90803
544, 90644
545, 90427
546, 90283
547, 90054
548, 89809
549, 89703
550, 89454
551, 89385
552, 89169
553, 88884
554, 88715
555, 88553
556, 88345
557, 88233
558, 88027
559, 87817
560, 87603
561, 87404
562, 87255
563, 86976
564, 86871
565, 86612
566, 86481
567, 86317
568, 86063
569, 85933
570, 85680
571, 85527
572, 85333
573, 85136
574, 84950
575, 84819
576, 84558
577, 84315
578, 84198
579, 83991
580, 83839
581, 83627
582, 83460
583, 83216
584, 83048
585, 82866
586, 82719
587, 82497
588, 82338
589, 82086
590, 81939
591, 81705
592, 81548
593, 81342
594, 81200
595, 80973
596, 80748
597, 80618
598, 80335
599, 80282
600, 80049
601, 79880
602, 79626
603, 79480
604, 79267
605, 79104
606, 78893
607, 78667
608, 78513
609, 78374
610, 78105
611, 77926
612, 77805
613, 77637
614, 77423
615, 77185
616, 77010
617, 76835
618, 76594
619, 76454
620, 76275
621, 76069
622, 75903
623, 75690
624, 75488
625, 75351
626, 75104
627, 74928
628, 74739
629, 74569
630, 74345
631, 74175
632, 73998
633, 73811
634, 73552
635, 73434
636, 73218
637, 73047
638, 72845
639, 72674
640, 72479
641, 72306
642, 72129
643, 71908
644, 71754
645, 71548
646, 71325
647, 71153
648, 70948
649, 70782
650, 70656
651, 70432
652, 70209
653, 70008
654, 69785
655, 69615
656, 69483
657, 69256
658, 69117
659, 68854
660, 68709
661, 68517
662, 68319
663, 68123
664, 67923
665, 67753
666, 67514
667, 67356
668, 67192
669, 66973
670, 66732
671, 66639
672, 66402
673, 66272
674, 66091
675, 65864
676, 65692
677, 65489
678, 65279
679, 65164
680, 64924
681, 64660
682, 64596
683, 64329
684, 64177
685, 63929
686, 63810
687, 63620
688, 63409
689, 63242
690, 63016
691, 62905
692, 62669
693, 62464
694, 62297
695, 62138
696, 61975
697, 61668
698, 61552
699, 61350
700, 61134
701, 60921
702, 60740
703, 60559
704, 60329
705, 60159
706, 59975
707, 59797
708, 59628
709, 59438
710, 59229
711, 59021
712, 58893
713, 58636
714, 58440
715, 58267
716, 58102
717, 57885
718, 57755
719, 57586
720, 57398
721, 57132
722, 56949
723, 56774
724, 56607
725, 56431
726, 56248
727, 56031
728, 55839
729, 55696
730, 55433
731, 55283
732, 55072
733, 54890
734, 54703
735, 54523
736, 54358
737, 54102
738, 53962
739, 53727
740, 53625
741, 53443
742, 53155
743, 53029
744, 52851
745, 52623
746, 52457
747, 52214
748, 52045
749, 51932
750, 51682
751, 51511
752, 51289
753, 51076
754, 50926
755, 50688
756, 50603
757, 50354
758, 50179
759, 49986
760, 49799
761, 49643
762, 49431
763, 49204
764, 49054
765, 48922
766, 48635
767, 48514
768, 48286
769, 48072
770, 47910
771, 47723
772, 47523
773, 47363
774, 47157
775, 46947
776, 46813
777, 46528
778, 46362
779, 46239
780, 46027
781, 45847
782, 45700
783, 45444
784, 45280
785, 45007
786, 44937
787, 44683
788, 44466
789, 44349
790, 44142
791, 43932
792, 43769
793, 43615
794, 43384
795, 43170
796, 43036
797, 42807
798, 42622
799, 42441
800, 42183
801, 42054
802, 41861
803, 41694
804, 41524
805, 41310
806, 41126
807, 40851
808, 40695
809, 40507
810, 40287
811, 40146
812, 39981
813, 39766
814, 39551
815, 39416
816, 39211
817, 39022
818, 38828
819, 38616
820, 38525
821, 38239
822, 38084
823, 37901
824, 37708
825, 37505
826, 37373
827, 37073
828, 36965
829, 36787
830, 36577
831, 36359
832, 36232
833, 35995
834, 35750
835, 35616
836, 35429
837, 35191
838, 35124
839, 34889
840, 34682
841, 34502
842, 34294
843, 34105
844, 33952
845, 33729
846, 33606
847, 33334
848, 33158
849, 32996
850, 32812
851, 32604
852, 32383
853, 32173
854, 32059
855, 31868
856, 31613
857, 31424
858, 31293
859, 31135
860, 30945
861, 30750
862, 30519
863, 30330
864, 30215
865, 29920
866, 29843
867, 29540
868, 29427
869, 29212
870, 28966
871, 28827
872, 28637
873, 28434
874, 28243
875, 28083
876, 27890
877, 27670
878, 27501
879, 27318
880, 27083
881, 26953
882, 26721
883, 26584
884, 26389
885, 26147
886, 25994
887, 25851
888, 25551
889, 25397
890, 25211
891, 25032
892, 24864
893, 24619
894, 24435
895, 24295
896, 24057
897, 23987
898, 23690
899, 23548
900, 23370
901, 23163
902, 22965
903, 22767
904, 22579
905, 22409
906, 22218
907, 21999
908, 21753
909, 21670
910, 21464
911, 21281
912, 21110
913, 20876
914, 20708
915, 20504
916, 20293
917, 20171
918, 19927
919, 19775
920, 19531
921, 19359
922, 19168
923, 19014
924, 18842
925, 18654
926, 18452
927, 18251
928, 18029
929, 17875
930, 17736
931, 17520
932, 17323
933, 17117
934, 16939
935, 16704
936, 16511
937, 16340
938, 16151
939, 16016
940, 15797
941, 15604
942, 15441
943, 15166
944, 15032
945, 14888
946, 14596
947, 14487
948, 14224
949, 14099
950, 13875
951, 13669
952, 13493
953, 13303
954, 13130
955, 12954
956, 12709
957, 12606
958, 12397
959, 12203
960, 12041
961, 11839
962, 11664
963, 11443
964, 11300
965, 11087
966, 10897
967, 10703
968, 10474
969, 10267
970, 10099
971, 9928
972, 9673
973, 9544
974, 9343
975, 9147
976, 9009
977, 8732
978, 8598
979, 8441
980, 8215
981, 7979
982, 7858
983, 7688
984, 7496
985, 7220
986, 7055
987, 6906
988, 6722
989, 6546
990, 6346
991, 6159
992, 5977
993, 5789
994, 5569
995, 5393
996, 5192
997, 5047
998, 4776
999, 4600
1000, 4410
1001, 4193
1002, 4036
1003, 3923
1004, 3669
1005, 3509
1006, 3259
1007, 3158
1008, 2867
1009, 2743
1010, 2548
1011, 2341
1012, 2190
1013, 2012
1014, 1772
1015, 1598
1016, 1435
1017, 1267
1018, 1048
1019, 882
1020, 648
1021, 499
1022, 250
1023, 45
